360	1.499009871	1.894803808
361	1.497925936	1.896334527
362	1.496840172	1.897893407
363	1.495753771	1.899479358
364	1.494667893	1.90109125
365	1.49358367	1.902727914
366	1.492502202	1.90438814
367	1.491424559	1.906070682
368	1.490351776	1.907774254
369	1.489284856	1.909497529
370	1.488224765	1.911239144
371	1.487172436	1.912997698
372	1.486128761	1.914771749
373	1.485094598	1.916559818
374	1.484070761	1.91836039
375	1.483058025	1.920171909
376	1.482057125	1.921992783
377	1.48106875	1.923821382
378	1.480093544	1.92565604
379	1.479132106	1.927495054
380	1.478184987	1.929336684
381	1.477252688	1.931179152
382	1.476335659	1.933020648
383	1.475434298	1.934859324
384	1.474548951	1.936693297
385	1.473679903	1.938520652
386	1.472827387	1.940339437
387	1.471991571	1.942147669
388	1.471172567	1.943943331
389	1.47037042	1.945724376
390	1.46958511	1.947488724
391	1.468816551	1.949234265
392	1.468064587	1.950958861
393	1.467328989	1.952660345
394	1.466609457	1.954336523
395	1.465905612	1.955985175
396	1.465216999	1.957604057
397	1.464543079	1.959190901
398	1.463883232	1.960743419
399	1.463236752	1.962259301
400	1.462602846	1.96373622
401	1.461980627	1.965171833
402	1.461369117	1.966563782
403	1.460767241	1.967909697
404	1.460173827	1.969207201
405	1.459587599	1.970453908
406	1.459007179	1.971647426
407	1.458431082	1.972785365
408	1.457857712	1.973865336
409	1.457285364	1.974884954
410	1.456712214	1.975841843
411	1.456136325	1.97673364
412	1.455555636	1.977557998
413	1.454967966	1.978312592
414	1.454371008	1.978995119
415	1.453762326	1.979603309
416	1.453139357	1.980134925
417	1.452499403	1.980587771
418	1.451839632	1.980959694
419	1.451157078	1.981248596
420	1.450448633	1.981452434
421	1.449711053	1.981569229
422	1.448940951	1.981597074
423	1.448134797	1.981534136
424	1.447288917	1.981378669
425	1.446399495	1.98112902
426	1.445462569	1.980783632
427	1.444474033	1.98034106
428	1.443429634	1.979799973
429	1.44232498	1.979159166
430	1.44115553	1.978417566
431	1.439916607	1.977574245
432	1.438603393	1.976628426
433	1.437210931	1.975579495
434	1.435734132	1.974427009
435	1.434167776	1.973170706
436	1.432506517	1.971810518
437	1.430744886	1.970346576
438	1.428877298	1.968779227
439	1.426898059	1.967109038
440	1.42480137	1.965336809
441	1.422581336	1.963463587
442	1.420231973	1.96149067
443	1.417747219	1.959419621
444	1.415120942	1.957252279
445	1.412346952	1.954990765
446	1.409419009	1.952637497
447	1.40633084	1.950195196
448	1.403076149	1.947666893
449	1.39964863	1.945055944
450	1.396041985	1.942366034
451	1.392249936	1.939601183
452	1.388266245	1.936765758
453	1.384084726	1.933864475
454	1.37969927	1.930902407
455	1.375103858	1.927884989
456	1.370292582	1.924818019
457	1.365259668	1.921707666
458	1.359999495	1.918560468
459	1.354506614	1.915383334
460	1.348775777	1.912183543
461	1.342801954	1.908968747
462	1.33658036	1.90574696
463	1.330106478	1.902526563
464	1.323376081	1.899316292
465	1.316385263	1.896125232
466	1.309130457	1.892962811
467	1.301608465	1.889838789
468	1.293816483	1.886763241
469	1.285752123	1.883746552
470	1.277413443	1.880799393
471	1.26879897	1.877932707
472	1.259907725	1.875157692
473	1.250739245	1.872485772
474	1.241293614	1.869928582
475	1.231571476	1.867497934
476	1.221574068	1.865205797
477	1.211303232	1.863064258
478	1.20076144	1.861085496
479	1.18995181	1.859281743
480	1.178878125	1.85766525
481	1.167544845	1.856248245
482	1.155957119	1.855042893
483	1.144120797	1.854061251
484	1.132042437	1.853315222
485	1.119729306	1.85281651
486	1.107189381	1.852576567
487	1.094431349	1.852606544
488	1.081464595	1.852917238
489	1.068299193	1.853519043
490	1.054945888	1.854421889
491	1.041416077	1.855635196
492	1.02772178	1.857167817
493	1.01387561	1.859027987
494	0.999890737	1.861223274
495	0.985780846	1.863760526
496	0.971560088	1.866645832
497	0.957243029	1.869884473
498	0.942844595	1.873480892
499	0.928380008	1.877438654
500	0.913864722	1.881760419
501	0.899314355	1.886447926
502	0.884744617	1.891501971
503	0.870171236	1.896922401
504	0.855609885	1.902708113
505	0.841076107	1.908857061
506	0.826585238	1.915366265
507	0.81215234	1.922231837
508	0.797792124	1.929449008
509	0.783518889	1.93701216
510	0.769346455	1.944914868
511	0.755288104	1.953149952
512	0.741356531	1.96170952
513	0.727563797	1.970585035
514	0.713921285	1.979767368
515	0.70043967	1.989246862
516	0.68712889	1.999013402
517	0.673998127	2.009056473
518	0.661055797	2.019365232
519	0.648309539	2.029928573
520	0.635766216	2.040735186
521	0.623431924	2.051773627
522	0.611312001	2.063032371
523	0.599411045	2.074499868
524	0.58773293	2.086164604
525	0.576280839	2.098015138
526	0.565057284	2.110040158
527	0.55406414	2.122228514
528	0.543302679	2.134569257
529	0.532773601	2.147051673
530	0.522477071	2.159665308
531	0.512412756	2.172399995
532	0.502579858	2.185245871
533	0.492977155	2.198193395
534	0.48360303	2.211233362
535	0.47445551	2.224356909
536	0.4655323	2.237555528
537	0.456830812	2.250821062
538	0.448348201	2.264145716
539	0.440081389	2.277522046
540	0.432027099	2.290942966
541	0.424181875	2.304401738
542	0.416542114	2.317891969
543	0.409104083	2.331407604
544	0.401863945	2.344942915
545	0.394817778	2.358492498
546	0.387961589	2.372051258
547	0.381291339	2.385614403
548	0.374802953	2.39917743
549	0.368492334	2.412736118
550	0.36235538	2.426286515
551	0.35638799	2.439824926
552	0.350586079	2.453347906
553	0.344945585	2.466852244
554	0.339462479	2.480334954
555	0.33413277	2.493793269
556	0.328952514	2.507224623
557	0.323917818	2.520626644
558	0.319024845	2.533997148
559	0.314269819	2.547334122
560	0.30964903	2.56063572
561	0.305158832	2.573900253
562	0.300795651	2.58712618
563	0.296555986	2.600312097
564	0.292436406	2.613456736
565	0.288433558	2.626558948
566	0.284544164	2.639617705
567	0.280765019	2.652632086
568	0.277092999	2.665601272
569	0.273525054	2.678524545
570	0.270058209	2.691401273
571	0.266689568	2.704230912
572	0.263416307	2.717012996
573	0.260235678	2.729747133
574	0.257145006	2.742433003
575	0.254141691	2.755070347
576	0.2512232	2.767658971
577	0.248387074	2.780198732
578	0.245630922	2.792689545
579	0.242952421	2.80513137
580	0.240349314	2.817524214
581	0.237819409	2.829868124
582	0.235360579	2.842163189
583	0.232970757	2.854409533
584	0.230647938	2.866607311
585	0.228390178	2.878756712
586	0.226195587	2.89085795
587	0.224062335	2.902911269
588	0.221988646	2.914916934
589	0.219972795	2.926875232
590	0.218013112	2.938786471
591	0.216107977	2.950650977
592	0.214255818	2.962469092
593	0.212455113	2.974241174
594	0.210704384	2.985967594
595	0.2090022	2.997648736
596	0.207347172	3.009284992
597	0.205737956	3.020876768
598	0.204173247	3.032424476
599	0.202651782	3.043928536
600	0.201172335	3.055389374
601	0.199733719	3.066807424
602	0.198334783	3.078183124
603	0.196974411	3.089516913
604	0.195651522	3.100809238
605	0.194365069	3.112060545
606	0.193114036	3.123271285
607	0.191897438	3.134441908
608	0.19071432	3.145572867
609	0.18956376	3.156664614
610	0.188444858	3.1677176
611	0.187356748	3.178732279
612	0.186298586	3.1897091
613	0.185269555	3.200648513
614	0.184268865	3.211550967
615	0.183295748	3.222416908
616	0.182349459	3.233246779
617	0.181429278	3.244041021
618	0.180534504	3.254800074
619	0.17966446	3.265524373
620	0.178818488	3.276214351
621	0.17799595	3.286870437
622	0.177196228	3.297493056
623	0.176418721	3.308082632
624	0.175662849	3.318639581
625	0.174928047	3.32916432
626	0.174213767	3.339657257
627	0.173519479	3.3501188
628	0.172844668	3.36054935
629	0.172188833	3.370949306
630	0.171551489	3.38131906
631	0.170932168	3.391659003
632	0.17033041	3.401969519
633	0.169745775	3.412250988
634	0.169177831	3.422503786
635	0.168626161	3.432728284
636	0.168090361	3.442924849
637	0.167570036	3.453093843
638	0.167064806	3.463235625
639	0.166574299	3.473350546
640	0.166098156	3.483438956
641	0.165636027	3.493501198
642	0.165187574	3.503537612
643	0.164752465	3.513548534
644	0.164330382	3.523534293
645	0.163921013	3.533495215
646	0.163524057	3.543431623
647	0.16313922	3.553343834
648	0.162766218	3.563232159
649	0.162404772	3.573096908
650	0.162054615	3.582938385
651	0.161715485	3.59275689
652	0.161387127	3.602552718
653	0.161069296	3.612326162
654	0.16076175	3.622077507
655	0.160464256	3.631807038
656	0.160176588	3.641515033
657	0.159898526	3.651201768
658	0.159629854	3.660867514
659	0.159370364	3.670512539
660	0.159119854	3.680137104
661	0.158878126	3.68974147
662	0.158644989	3.699325893
663	0.158420256	3.708890625
664	0.158203745	3.718435914
665	0.157995281	3.727962004
666	0.157794691	3.737469136
667	0.157601809	3.746957549
668	0.157416471	3.756427476
669	0.157238519	3.765879147
670	0.1570678	3.77531279
671	0.156904164	3.784728628
672	0.156747464	3.794126883
673	0.156597559	3.803507771
674	0.15645431	3.812871506
675	0.156317583	3.822218299
676	0.156187247	3.831548358
677	0.156063174	3.840861888
678	0.155945239	3.850159089
679	0.155833323	3.859440162
680	0.155727305	3.868705301
681	0.155627073	3.877954699
682	0.155532514	3.887188547
683	0.155443518	3.896407031
684	0.15535998	3.905610336
685	0.155281796	3.914798644
686	0.155208866	3.923972134
687	0.15514109	3.933130982
688	0.155078374	3.942275361
689	0.155020623	3.951405444
690	0.154967747	3.960521399
691	0.154919657	3.969623392
692	0.154876266	3.978711588
693	0.15483749	3.987786147
694	0.154803247	3.996847229
695	0.154773456	4.00589499
696	0.15474804	4.014929586
697	0.154726921	4.023951168
698	0.154710026	4.032959887
699	0.154697282	4.04195589
700	0.154688618	4.050939324
701	0.154683964	4.059910331
702	0.154683254	4.068869054
703	0.154686421	4.077815633
704	0.154693402	4.086750204
705	0.154704133	4.095672903
706	0.154718554	4.104583865
707	0.154736604	4.113483221
708	0.154758226	4.122371101
709	0.154783362	4.131247633
710	0.154811957	4.140112943
711	0.154843956	4.148967156
712	0.154879307	4.157810394
713	0.154917958	4.16664278
714	0.154959858	4.175464431
715	0.155004957	4.184275465
716	0.155053209	4.193076
717	0.155104565	4.201866148
718	0.155158979	4.210646023
719	0.155216407	4.219415736
720	0.155276804	4.228175398
721	0.155340128	4.236925115
722	0.155406336	4.245664995
723	0.155475388	4.254395143
724	0.155547244	4.263115663
725	0.155621864	4.271826657
726	0.15569921	4.280528226
727	0.155779244	4.289220471
728	0.15586193	4.297903489
729	0.155947232	4.306577376
730	0.156035116	4.31524223
731	0.156125546	4.323898144
732	0.156218489	4.332545211
733	0.156313914	4.341183524
734	0.156411786	4.349813172
735	0.156512076	4.358434246
736	0.156614752	4.367046833
737	0.156719785	4.375651021
738	0.156827145	4.384246896
739	0.156936803	4.392834542
740	0.157048732	4.401414044
741	0.157162903	4.409985483
742	0.15727929	4.418548941
743	0.157397867	4.427104499
744	0.157518608	4.435652236
745	0.157641486	4.444192231
746	0.157766479	4.452724561
747	0.157893561	4.461249303
748	0.158022709	4.469766531
749	0.158153899	4.478276321
750	0.158287109	4.486778745
751	0.158422316	4.495273877
752	0.1585595	4.503761789
753	0.158698637	4.51224255
754	0.158839708	4.52071623
755	0.158982692	4.5291829
756	0.159127569	4.537642626
757	0.159274319	4.546095476
758	0.159422922	4.554541518
759	0.159573361	4.562980815
760	0.159725615	4.571413433
761	0.159879668	4.579839437
762	0.160035502	4.588258888
763	0.160193098	4.596671851
764	0.16035244	4.605078385
765	0.160513512	4.613478554
766	0.160676296	4.621872415
767	0.160840776	4.63026003
768	0.161006937	4.638641457
769	0.161174763	4.647016753
770	0.16134424	4.655385977
771	0.161515351	4.663749184
772	0.161688082	4.672106431
773	0.16186242	4.680457774
774	0.16203835	4.688803266
775	0.162215858	4.697142962
776	0.16239493	4.705476915
777	0.162575554	4.713805179
778	0.162757716	4.722127804
779	0.162941403	4.730444843
780	0.163126604	4.738756347
781	0.163313304	4.747062366
782	0.163501494	4.755362949
783	0.163691159	4.763658147
784	0.16388229	4.771948007
785	0.164074874	4.780232577
786	0.1642689	4.788511906
787	0.164464358	4.79678604
788	0.164661235	4.805055025
789	0.164859522	4.813318908
790	0.165059209	4.821577734
791	0.165260284	4.829831548
792	0.165462738	4.838080393
793	0.16566656	4.846324315
794	0.165871742	4.854563356
795	0.166078274	4.86279756
796	0.166286145	4.871026969
797	0.166495347	4.879251624
798	0.166705872	4.887471568
799	0.166917709	4.895686841
800	0.16713085	4.903897484
801	0.167345287	4.912103537
802	0.167561011	4.92030504
803	0.167778013	4.928502033
804	0.167996286	4.936694554
805	0.168215822	4.944882641
806	0.168436612	4.953066333
807	0.168658649	4.961245667
808	0.168881925	4.96942068
809	0.169106432	4.977591411
810	0.169332164	4.985757893
811	0.169559113	4.993920165
812	0.169787272	5.002078262
813	0.170016633	5.010232218
814	0.17024719	5.018382069
815	0.170478937	5.02652785
816	0.170711866	5.034669594
817	0.17094597	5.042807336
818	0.171181244	5.050941109
819	0.171417681	5.059070946
820	0.171655274	5.067196881
821	0.171894018	5.075318945
822	0.172133906	5.08343717
823	0.172374932	5.09155159
824	0.172617091	5.099662234
825	0.172860377	5.107769135
826	0.173104784	5.115872322
827	0.173350306	5.123971828
828	0.173596938	5.132067682
829	0.173844674	5.140159913
830	0.174093509	5.148248553